1286.7739690184237
-1871.579396668347
-1719.3444940778725
2385.652779931543
-625.643143926452
-822.6178886214647
1551.7871608567195
-2259.4709492089232
-1792.7209935137755
-2145.139107162611
1884.8471215006368
1480.8313257753498
-1944.1148772002055
-1444.5555246766717
501.87207203773676
-645.9602976044249
-2156.8688198204895
-2195.939806653131
-2426.291841142809
-2176.6495787037684
-1564.4347308843353
655.2061161475714
-394.7682160028515
1618.278991950512
-1561.3774401243074
1092.6580219468706
-1906.1177005409024
-336.74106654902613
2349.9045094542835
1455.4426207936456
-1815.1942135565052
1971.0584773364576
-47.57036132646053
1389.4955573037366
-1722.6508630138067
1889.5961949437683
-2485.584154072853
1204.3077708863764
-1074.654210887301
1298.741748947435
702.9726835944089
-2200.003609707816
1917.5731449818945
967.9506308948787
1116.1524128478934
-1477.3824654097373
-1875.038115992424
-693.9161222416584
