-83.62082158916706
-16.338826538930302
-124.92381606573935
-131.20360623229578
47.73454320580332
53.159258844427974
-152.54845554350933
-265.72302650864503
-19.645428445921333
-21.373761272610952
-11.917315563954348
-5.958108582971312
-94.15886567057211
-72.90206876479526
10.142423182850838
-55.600560244388475
-149.55564700202106
49.53956811621336
108.22653810600593
-94.27179786351951
-89.57855813308701
-62.1538135176181
-17.12273678785015
-82.49749358086359
-65.84725659435394
34.19704185022568
24.134708857237232
89.86456271293002
-189.51521447084673
-19.011510546561986
15.949735533500698
42.276672482453534
45.113814916845634
-188.32096618315484
88.49340543967483
-1.1156877898390085
-91.13647831284455
0.2530949784273749
54.946852085015074
-155.18302449176835
41.21160067481274
-46.76887030842006
-45.342977423700255
-35.5974722410556
-43.2115473394727
-56.90745549451299
-79.87600570475348
-151.85426119504285
118.4918306423571
-315.5004854325525
215.69564624999444
174.58314179400534
-93.10353806011658
-92.00405235218126
-117.08557995438622
49.58921479964704
-149.26084080877825
-72.97216349431113
-22.532804803159134
50.28414701500089
-100.16303067033141
0.03569552897429764
19.11134775168579
-12.707105247353269
-0.12623692295037095
2.582448304913379
-172.26107976585973
72.66532240909045
13.71948232664159
-15.566136128864423
-117.35621277335696
-88.35370441303618
-11.932798156070904
-106.42946705208588
-14.969930475653495
-8.788503011261842
-8.805431381891244
177.30686402386704
-277.2084526244939
-109.34806525078956
-61.06062667755921
112.24101827241955
-64.42865793873558
-35.25758418456984
114.40897761574838
-38.70414312966929
-52.69416822411353
-38.35557593689516
-190.2887468943164
90.55096379878931
-35.98650837469999
17.322453982016953
-116.8090811561275
76.05706627594371
-175.88981015967812
103.69144261679584
-80.6359477968309
-85.15723267773615
-106.88885451120079
-98.33853389410072
-1.8086313650954124
82.16921371080255
-89.06780106152944
91.16528564780677
52.60058869642938
-152.1627633791526
135.0999658182455
40.24222508029801
44.062313433643666
49.343762188662495
-43.279409836566465
-56.82541199633108
-87.53241613210508
-159.77447857613384
131.34155419388455
-336.5125716633876
236.57337303460292
188.4232255050881
-98.98738039238421
-98.9867560043122
-121.93190369517174
-51.439117483893796
-49.16899377084819
-21.065652166049382
52.01203366328313
-246.9774231291181
-63.46816379881225
-36.53115986760296
161.92112385277463
-159.04337560595164
-168.1967140431961
-167.02963935229172
43.3585008540758
-143.51272078679384
7.755304156654867
-87.70191363728439
139.01956373780789
-120.8187166741291
20.614852291855893
102.46532362509807
37.23593257916248
39.769925868854465
36.40343858872886
-26.023554728333693
-73.88028543960152
-61.80629165687469
7.510873079812567
5.944901414267798
87.18002522290236
-186.94002225193486
-46.16817596429778
28.92775143026917
-3.1467567886816914
23.02169120345911
-43.688706630744065
-56.954367835831036
-32.9389672665999
-30.83861963370279
122.17810775979204
90.50168554385472
-190.12205878202826
-1.5491026930325777
79.56811845953838
82.43211264195747
55.23548628936516
-39.829638739340936
-23.051299419237974
-33.96695354375907
-30.443322687320336
-49.354176273110774
-19.331288536924447
-25.65413123637911
-32.70424865581299
-34.34115808718908
-30.62449707974391
-55.60885016642386
-42.48517159829143
-24.919586912317992
-33.28961801083174
-35.8693834062098
22.616012424636686
-0.5219948140090745
0.7929993502108696
0.4551040903912613
0.7442860584479778
-0.41047923529470576
0.13560974407977122
-0.8462680052842615
0.9877567409186672
0.9677080778492757
0.7392321463885969
-0.5016816341354446
0.9993351970661242
-0.045312283370543605
0.6403219545710752
-0.2410318797642459
1.0
