-18.82601515308971
-7.666961332238628
-14.367186450956375
-1342.2366359754806
-12.59009036775915
-30.535237723830107
-9.42654193828672
-1912.3940399232997
-13.901193144015389
-7.382839888760341
-13.482948537506767
-10.382270990426145
-11.773174457459955
-32.037354021997885
-8.260433878232998
-9.351100926484278
-47.15534870725732
-14.791344251103
-27.842016193720955
-349.9621599321756
-20.590813812405376
-37.62908800411812
-15.521717881068852
-17.99883515268472
-36.082707336817556
-6.78526673474959
-24.056758898213197
-9.443711920458163
-11.649362444897735
-35.78220334549741
-11.005098023674313
-2040.1426172942988
-45.952784271037665
-7.9163169473552815
-16.306515857412794
-10.181836818220182
-10.06480803562903
-37.484097693497546
-7.4893548862109105
-11.97889419108188
-92.40133919576134
-17.32747633909103
-33.717600389966535
-18.602786486071462
-24.235007242243825
-44.845447549621916
-18.84040391069306
-867.6517245647464
